#文化历史与国际视野
lesson_ids = [361523, 361794, 361768, 361743, 361438, 361793, 361214, 361211, 361425, 361424, 361548, 361745, 361196,
 361195, 361441, 361015, 361013, 361748, 361742]


#经济分析与数学思维
lesson_ids = [
    361543, 361520, 361547, 361721, 361729, 361782, 361544, 361803,
    361725, 361545, 361553, 361780, 361766, 361518, 361776, 361542,
    361726, 361720, 361727, 361778,361781, 361730, 361779, 361775, 361728,
    361777, 361719, 361765, 361716
]

#创新创业拓展
lesson_ids = [360628, 360627, 360626]

